   1.6784873e+00   1.4883372e+00
   4.8257689e-01   2.4825314e+00
   7.0680077e-02   1.5362182e+00
   2.6185256e+00   2.1194022e+00
   1.7502620e+00   2.3816173e+00
   6.3494409e-01   2.1733896e+00
   3.3919957e+00   2.2988257e+00
   2.6533470e+00   2.8745117e+00
   7.4744832e-01   3.7140178e+00
   1.9060104e+00   2.3739155e+00
   4.9148941e-01   2.5161172e+00
   1.6929998e+00   2.4643327e+00
   2.3003731e+00   2.1762540e+00
   5.1240080e+00   3.5964374e+00
   3.0920903e+00   2.9892888e+00
   2.1080776e+00   3.1858229e+00
   2.9091664e+00   2.1447247e+00
   2.6634692e+00   5.8063882e+00
   1.5904221e+00   4.3139663e+00
   9.7652165e-01   3.9960351e+00
  -3.5104934e-01   2.8316538e+00
   2.3622998e+00   3.5255283e+00
   1.9201878e+00   2.9022212e+00
   3.5186506e+00   3.8320117e+00
   5.6726343e-01   1.8472900e+00
   6.7889555e-01   1.0396045e+00
   1.5302261e+00   4.6433839e+00
   7.2954524e-01   4.3778000e-01
   1.3301853e+00   4.6493086e+00
  -4.6588996e-01   2.8385698e+00
   3.0071250e+00   2.4787559e+00
   1.7862269e+00   4.3957342e+00
   1.8128282e+00   1.9357794e+00
   1.1346398e+00   4.1038054e+00
   1.9312577e+00   4.3781406e+00
   2.8004038e+00   3.0794785e+00
   1.0287152e+00   1.7292687e+00
   2.0067104e+00   3.3607857e+00
   3.3180282e+00   3.8283062e+00
   1.4162145e+00   1.9238488e+00
   1.3713046e+00   3.5151619e-01
   1.1971599e+00   2.7491090e+00
   1.1919094e+00   3.2363186e+00
   1.8445262e+00   2.7035734e+00
   2.1187965e+00   4.1204115e+00
   6.8706653e-01   3.4840066e+00
   2.5782568e+00   4.5357905e-01
   2.0603032e+00   1.5676801e+00
   3.4705595e-01   3.1114866e+00
   2.7704964e+00   4.5684581e+00
   2.6432429e+00   1.4434511e+00
   2.2834170e+00   3.1545173e+00
   2.5552130e+00   2.7474398e+00
   9.4613816e-01   3.8621204e+00
   1.5879637e+00   3.7074621e+00
   1.5891275e+00   4.1882331e+00
   2.8577944e+00   3.5030462e+00
   2.3304034e+00   1.7110294e+00
   1.3839093e+00   6.4490934e-01
   1.6061539e+00   2.2872796e+00
   2.4230857e+00   4.0157486e+00
  -5.3118652e-01   5.1257010e+00
   2.4011688e+00   5.0445591e+00
   2.2981371e+00   3.7718567e+00
   2.7282096e+00   3.1368527e+00
   4.2670375e+00   1.6586159e+00
   2.1492335e+00   3.1833680e+00
   1.2998327e+00   2.7996349e+00
   2.5026685e+00   6.4690565e+00
   2.6360191e+00   1.1640641e+00
   1.4402378e+00   1.9564384e+00
   3.8827674e+00   2.3957001e-01
  -7.5833683e-02   2.0168404e+00
   1.0289604e+00   4.5861315e+00
   1.2910160e+00   1.5616226e+00
   1.7830097e+00   6.0364191e+00
   2.7000511e+00   2.4409210e+00
   3.8407542e+00   1.2549263e+00
   3.0497878e+00   1.6039491e+00
   2.1372131e+00   1.2408756e+00
   4.7464558e+00   8.4243939e-01
   9.8273529e-01   2.0149661e+00
   2.1355721e+00   3.8875601e+00
   2.4232473e+00   3.6996304e+00
   2.5002801e+00   2.7042095e+00
   2.4717774e+00  -1.7421053e-01
   1.0556180e+00   3.0420395e+00
   9.1044448e-01   3.3047725e+00
   2.4097764e-01   4.4263429e+00
   2.2525324e+00   3.9908357e+00
   2.1577578e+00   1.8824222e-02
   2.9553604e+00   1.7811280e+00
   1.2640576e+00   4.3528605e+00
   1.2157745e+00  -5.6608970e-01
   2.4869737e+00   2.4267553e+00
   9.8054945e-01   2.3739594e+00
   3.2539358e+00   1.5692437e+00
   1.4329717e+00   2.0537391e+00
   1.9955354e+00   1.1965930e+00
   1.3330201e+00   1.4360280e+00
   2.5643665e+00   4.3574566e+00
   3.9369176e+00   2.7870258e+00
   4.0605823e+00   5.2049949e+00
   3.3308068e+00   6.9041872e+00
   4.2100825e+00   3.9927813e+00
   3.4319214e+00   5.3920119e+00
   5.7624891e+00   4.8914868e+00
   5.7105564e+00   6.9969031e+00
   3.5874350e+00   4.3825645e+00
   3.4422491e+00   6.8941671e+00
   3.5490756e+00   5.0766896e+00
   3.8733443e+00   6.3337845e+00
   3.2960605e+00   3.7072843e+00
   5.0660927e+00   4.1805535e+00
   2.7897299e+00   3.3358489e+00
   2.9159213e+00   3.9745514e+00
   4.2561742e+00   5.2297041e+00
   3.6296230e+00   4.7693919e+00
   4.2378375e+00   3.8036081e+00
   3.8852418e+00   6.8866300e+00
   2.9349694e+00   4.4798265e+00
   4.3118919e+00   5.1574287e+00
   3.8599350e+00   3.1599306e+00
   4.5793394e+00   4.7801512e+00
   3.2201690e+00   5.7388347e+00
   4.6626640e+00   3.7004592e+00
   5.3676540e+00   5.3259525e+00
   3.2122395e+00   4.8052315e+00
   5.5106178e+00   3.6993744e+00
   4.2784884e+00   6.2915687e+00
   5.2297721e+00   5.3020454e+00
   3.6122514e+00   3.7497623e+00
   6.0121989e+00   4.4522948e+00
   4.4270756e+00   5.4547153e+00
   4.3200057e+00   2.3252398e+00
   2.6264239e+00   3.9249585e+00
   4.9718513e+00   5.2984681e+00
   5.2488342e+00   5.2709007e+00
   3.2758564e+00   5.4560959e+00
   3.1956245e+00   4.3885412e+00
   4.1037041e+00   5.6887540e+00
   5.4839529e+00   4.3608011e+00
   4.6607326e+00   5.7692688e+00
   3.0509486e+00   3.1385700e+00
   5.0594648e+00   7.6758641e+00
   4.1885823e+00   4.1540900e+00
   3.4557930e+00   4.2729587e+00
   5.6410084e+00   3.9853966e+00
   4.1789350e+00   3.5072663e+00
   4.1778323e+00   6.6204062e+00
   3.3815383e+00   3.6505704e+00
   5.3453413e+00   4.6421659e+00
   3.4989403e+00   5.2207262e+00
   2.1370932e+00   6.0115958e+00
   3.4106751e+00   7.9393053e+00
   2.3845490e+00   5.1130787e+00
   3.6748090e+00   3.2053281e+00
   5.7270790e+00   8.7776586e+00
   3.7203014e+00   4.3095778e+00
   4.5804309e+00   4.1414995e+00
   5.4890591e+00   3.4236543e+00
   4.0232738e+00   2.1623800e+00
   3.7326455e+00   5.2035069e+00
   3.6571992e+00   4.9473382e+00
   3.7973982e+00   7.3540185e+00
   6.3891203e+00   4.0987549e+00
   3.1918843e+00   5.6768674e+00
   1.8671282e+00   7.4392991e+00
   4.0166260e+00   5.7268674e+00
   5.0176813e+00   5.3463290e+00
   3.5198759e+00   5.3547161e+00
   2.9854415e+00   4.9550013e+00
   4.6051416e+00   5.7929760e+00
   4.5788914e+00   4.7449104e+00
   2.0621781e+00   3.9307178e+00
   4.4474130e+00   5.1255054e+00
   3.2285662e+00   4.9306368e+00
   5.8186379e+00   6.7936045e+00
   4.6850821e+00   2.3758393e+00
   4.0462405e+00   3.8148061e+00
   3.2732549e+00   3.4238312e+00
   3.8450194e+00   5.6459985e+00
   2.4730304e+00   4.2816860e+00
   3.5194061e+00   5.3714542e+00
   4.1278464e+00   7.3460799e+00
   5.3798168e+00   5.9981989e+00
   3.4090055e+00   4.8528453e+00
   4.9309388e+00   3.5463702e+00
   3.2447406e+00   7.9263114e+00
   4.8123738e+00   4.4584425e+00
   5.2804803e+00   3.8364905e+00
   3.5323903e+00   7.2962125e+00
   4.2870138e+00   3.6022179e+00
   3.5832564e+00   3.9651408e+00
   3.4620174e+00   4.2790891e+00
   4.3343701e+00   5.2511125e+00
   6.7770439e+00   5.8905331e+00
   4.7006048e+00   4.0044049e+00
   4.5621750e+00   5.5126725e+00
   4.2276644e+00   3.8728530e+00
   5.9644767e+00   1.0045381e+01
   8.2128793e+00   9.3589702e+00
   8.2884283e+00   9.1811669e+00
   9.6893022e+00   7.1860935e+00
   7.7888581e+00   1.1282725e+01
   9.2758201e+00   8.1225768e+00
   9.6354130e+00   8.1036090e+00
   7.2504059e+00   1.1768246e+01
   8.7779768e+00   1.1015354e+01
   8.7010953e+00   6.8301425e+00
   7.4106975e+00   1.2059933e+01
   8.3046244e+00   1.1041204e+01
   6.8153825e+00   7.1921990e+00
   8.1599881e+00   8.8194160e+00
   8.0361584e+00   8.1439553e+00
   9.1786662e+00   1.0024890e+01
   8.1186268e+00   7.8292203e+00
   9.4373782e+00   1.0055545e+01
   7.0615506e+00   9.6871924e+00
   4.8117423e+00   7.7955548e+00
   9.7050566e+00   9.2184616e+00
   8.9574951e+00   7.7875575e+00
   9.1393869e+00   7.1256727e+00
   7.3116859e+00   7.3091072e+00
   6.8143536e+00   1.1150516e+01
   7.2582845e+00   7.7343810e+00
   7.8406008e+00   1.0052806e+01
   8.1721007e+00   7.6772728e+00
   7.6117443e+00   8.5493676e+00
   9.1008954e+00   7.9150636e+00
   7.6511232e+00   9.3134063e+00
   8.1877421e+00   8.9216234e+00
   5.9150707e+00   9.0717049e+00
   8.4181666e+00   1.2210517e+01
   8.3342952e+00   5.8693548e+00
   7.5643991e+00   8.5012213e+00
   7.3501874e+00   8.6302099e+00
   7.6846345e+00   7.3962084e+00
   6.6161409e+00   7.4720127e+00
   8.2376825e+00   8.8487571e+00
   5.0823160e+00   8.6114693e+00
   8.7667455e+00   9.9508281e+00
   8.4891988e+00   1.0419980e+01
   7.8838178e+00   9.4423678e+00
   8.4669126e+00   7.6844172e+00
   7.4085388e+00   9.7058372e+00
   7.6689087e+00   6.8250287e+00
   9.0779723e+00   8.1440502e+00
   7.4398630e+00   1.0319227e+01
   8.5144813e+00   9.1090135e+00
   7.4334444e+00   6.0987181e+00
   7.1816390e+00   8.3726605e+00
   8.6366742e+00   8.9458008e+00
   9.1886193e+00   9.3672330e+00
   9.0849745e+00   9.0587392e+00
   7.1611397e+00   1.0205838e+01
   1.0167681e+01   9.1505631e+00
   8.5286607e+00   9.7666166e+00
   8.7180504e+00   1.2447999e+01
   8.3958938e+00   1.0593552e+01
   7.5419344e+00   8.2993258e+00
   6.8909438e+00   8.5284190e+00
   9.1354268e+00   8.3180873e+00
   8.3779154e+00   9.1696321e+00
   7.5838777e+00   1.0328202e+01
   8.0019996e+00   1.0952587e+01
   6.3679756e+00   7.8670817e+00
   7.6748877e+00   8.2179273e+00
   7.6886858e+00   7.9167865e+00
   7.3833992e+00   1.1161188e+01
   8.4135566e+00   1.0980912e+01
   7.2260835e+00   9.3540661e+00
   8.7485590e+00   8.6163742e+00
   8.6182363e+00   7.6139348e+00
   7.5104943e+00   6.0069312e+00
   7.2783039e+00   9.4973511e+00
   7.6817280e+00   1.0205134e+01
   9.1050967e+00   1.0325691e+01
   8.7182035e+00   9.1283084e+00
   8.8306218e+00   9.4798569e+00
   7.3132266e+00   1.0708089e+01
   7.8308421e+00   8.2209956e+00
   4.4615104e+00   1.0411520e+01
   8.8015416e+00   9.7581214e+00
   9.5573225e+00   8.0306735e+00
   7.4211015e+00   7.6098655e+00
   7.0213013e+00   6.8551181e+00
   8.5698830e+00   9.1921755e+00
   6.8055982e+00   8.7946063e+00
   7.9639330e+00   7.9392361e+00
   8.7583473e+00   1.0687916e+01
   6.5169554e+00   9.1568440e+00
   9.2416112e+00   9.8783450e+00
   7.7828179e+00   8.3631004e+00
   7.9517063e+00   1.0834187e+01
   8.8490687e+00   1.2523795e+01
   6.8773534e+00   8.1693901e+00
   7.5517383e+00   8.8048886e+00
   8.7750530e+00   1.0079725e+01
   8.6339729e+00   9.8521083e+00
