  -5.2044067e+01  -8.9846188e+00
   5.4467681e+01  -1.8604518e+01
  -3.8841659e+01  -3.8733778e+01
   4.6246040e+01  -3.5936076e+01
   4.0613220e+01  -3.3820564e+01
  -5.1194196e+01  -6.0948104e+00
   4.8023304e+01   1.4331569e+01
  -5.0121881e+00   5.5784836e+01
   4.6776453e+01  -3.2245221e+01
  -3.6160173e+01   4.7771635e+01
  -2.5241767e+01   5.2282713e+01
   3.2598129e+01  -4.1697824e+01
  -5.2785629e+01  -9.7488898e+00
   4.7105344e+01   2.4690977e+01
   5.1805883e+01  -8.7895663e-01
   2.9136911e+01   4.4576997e+01
  -2.7694675e+01   4.4007694e+01
   2.2408166e+01   5.0528989e+01
   4.8341938e+01  -1.3146412e+01
   4.4921523e+01  -2.5100653e+01
   5.1205651e+01  -2.2037136e+01
  -4.1749799e+01   2.8213076e+01
  -9.4462771e-01   5.5529610e+01
   4.3140725e+01  -3.9683001e+01
   9.9391904e+00   5.6046349e+01
  -5.6252557e+01   2.0415308e+01
  -3.6844843e+01   3.8895553e+01
  -4.0724223e+01   3.6072545e+01
   2.0608029e+01   5.3905318e+01
  -3.1365762e+00   5.4196168e+01
   5.0350182e+01  -1.4881412e+01
  -3.4916690e+01   3.8324619e+01
   5.4696514e+01   8.6094193e-01
   5.1428987e+01  -6.7547882e+00
   4.4344110e+01   3.9647649e+01
  -1.7274069e+01   5.2832092e+01
   5.2498447e+01   1.5312430e+01
  -4.6298756e+01  -2.3586269e+01
  -3.6388029e+01   4.4369454e+01
  -3.9983150e+01  -4.0197544e+01
  -1.6717132e+01  -5.2675500e+01
   4.3643418e+01  -3.7554500e+01
   2.6196130e+01   4.5429627e+01
   5.8885676e+01   6.1332530e+00
   5.2823546e+01  -3.8401786e+00
   5.4820285e+01  -2.1328784e+01
  -3.8330316e+01   4.3955772e+01
   5.8610808e-01  -5.5101023e+01
   5.2778950e+01   7.2076055e+00
   3.7593453e+01  -3.9527255e+01
  -5.1874556e+00  -5.8559432e+01
  -2.0415780e+01  -4.9132781e+01
  -4.2940411e+01  -2.9036947e+01
  -2.9249681e+01  -4.8722388e+01
  -5.6274299e+01  -1.6461340e+01
  -4.9418656e+01  -2.4933056e+01
   4.1829104e+01  -2.8356792e+01
   4.8249409e+01   1.3399435e+01
  -1.8788636e+01   4.8841859e+01
  -6.5546496e+00  -5.1687356e+01
  -4.7733744e+01   2.2163424e+01
  -2.2324578e+00  -5.1057293e+01
   3.4844891e+01   3.9126584e+01
   5.3950282e+01  -1.1037103e+00
  -5.4951457e+01  -1.7879621e+01
  -6.0181202e+00  -5.5187484e+01
  -5.4657290e+01  -2.3560799e+00
  -4.5861538e+01  -2.3294558e+01
   4.8856053e+01   2.0505621e+01
   4.4304070e+01  -2.4528873e+01
  -3.0719455e+01  -4.9062562e+01
   1.2382320e+01   5.1767563e+01
  -2.6081619e+01  -4.8104319e+01
   1.3996922e+01  -5.5191820e+01
   4.4589101e+01   2.6373474e+01
  -5.0577349e+01  -6.9364846e+00
  -4.2824855e+01  -3.7842397e+01
  -4.8053060e+00  -5.1320789e+01
  -4.9098483e+01  -2.5164093e+01
   3.9809033e+01   3.8305560e+01
  -2.8611165e+01   4.5962487e+01
  -4.9366755e+01  -1.3772700e+01
  -3.9534118e+01   3.8877949e+01
  -1.8223691e+01  -4.7615928e+01
   5.6963576e+01  -1.7355204e+01
   5.8916857e+01  -2.7293253e+00
   2.9410945e+00  -5.2126056e+01
  -4.7920153e+01  -1.7116635e+01
   4.7437812e+01   3.1366213e+01
   5.3471899e+01  -1.8089399e+01
  -2.8624324e+01  -4.7488390e+01
   2.8338256e+01  -4.4376383e+01
   4.9313931e+01  -8.4053388e+00
   2.5828325e+01   4.9467159e+01
   4.9343486e+01  -2.7162092e+01
   2.8468944e+01  -4.7949338e+01
  -1.2391001e+01   5.4245394e+01
  -5.6383984e+01  -2.4289106e+00
  -2.4509365e+01  -4.9191644e+01
   9.7403375e-01   5.0882022e+01
  -1.5179755e+01  -5.3140522e+01
   3.6477737e+01   3.8076522e+01
   5.2968095e+01   2.7118083e+01
  -4.9245699e+01  -1.2129175e+01
  -2.2666624e+01  -4.6713719e+01
  -1.9361938e+01  -5.4553914e+01
   4.2953996e+01   2.7390973e+01
  -2.7883309e+01   4.5527951e+01
   2.2811996e+01  -5.1471758e+01
  -4.0085337e+01  -3.2819481e+01
   1.6914318e+01   5.4520739e+01
   4.9691075e+01  -2.3009403e+01
   3.0743326e+01   4.9207331e+01
  -2.5073917e+01   4.4448743e+01
   5.6381642e+01   1.2488290e-01
   4.8315490e+01  -1.5131806e+01
  -5.7914896e+01   2.5408453e+00
   5.2980949e+01  -7.3390179e+00
  -5.4787192e+01  -1.6054495e+01
  -2.9722671e+01  -4.2385254e+01
  -1.2376425e+01   5.7828170e+01
   3.3894958e+01  -4.1680099e+01
   4.4846986e+01   3.8379274e+01
  -1.7888896e+01  -4.9500086e+01
  -4.4419040e+01   2.7500436e+01
  -1.7440209e+01   5.1345686e+01
   2.4198079e+01   5.0461294e+01
   1.3796237e+00  -5.1889842e+01
  -4.2608095e+01   2.7494349e+01
  -1.2587214e+00  -5.6569963e+01
   4.2523862e+01  -3.9009747e+01
  -4.5533031e+01  -3.3345492e+01
  -5.6205403e+01  -3.3830120e+00
  -3.4993832e+01  -4.2107187e+01
   1.8625574e+00   5.7759002e+01
   4.2303742e+01   2.7728410e+01
   4.4216338e+01  -2.4069546e+01
   3.7075273e+01   3.4076832e+01
   2.4957177e+01   4.4790627e+01
   3.2210731e+01  -4.5196517e+01
  -2.2733798e+01  -5.2552583e+01
   4.5393251e+01  -2.3505003e+01
  -3.8809434e+01  -4.4410547e+01
  -5.7545738e+01  -1.6170888e+01
   3.8402401e+01  -4.2613615e+01
  -3.1629234e+01   4.0107661e+01
  -2.0670641e+01  -5.2746177e+01
  -2.9717063e+01  -5.0121337e+01
   2.9502569e+01   4.9563634e+01
   5.8202555e+01  -1.1452298e+01
  -5.9263648e+01   5.8547747e+00
   2.8319388e+00   5.2036357e+01
  -5.6788832e+01   3.4506613e+00
   4.0022085e+01  -4.3697340e+01
   2.0004072e+01  -4.7775250e+01
  -2.2580252e+01   4.9295828e+01
   5.3260832e+01  -2.2509570e+01
  -3.5367703e+01  -4.3644609e+01
  -5.8260311e+01  -4.8234780e+00
   3.7964014e+01   4.5244329e+01
  -3.7718370e+01  -3.7661037e+01
   4.0434952e+01   3.8491600e+01
   2.8298420e+01  -4.2216642e+01
  -5.4333206e+01  -1.8615531e+01
   3.2482469e+00  -5.8250931e+01
  -1.0963146e+01  -5.7746691e+01
   3.4889007e+01   4.7950775e+01
  -2.9832100e+01  -4.3757299e+01
  -4.8840787e+01  -1.5261312e+01
   5.0503346e+01   1.4332348e+01
  -7.2272286e+00   5.7199558e+01
  -5.3177694e+01  -1.4454359e+01
  -3.2372813e+00   5.6888792e+01
  -5.1329358e+01   1.2234301e+01
  -5.0600335e+01   2.6619037e+00
  -3.4159825e+01  -4.8530061e+01
  -3.4591317e+01   3.8226443e+01
  -5.2290520e+01   2.2159704e+01
  -4.8845378e+01   2.6043897e+01
   6.1081167e+00  -5.9315116e+01
   5.2172670e+01  -1.3497673e+01
  -1.5690002e+01  -5.6315410e+01
   3.5339818e+00  -5.0844878e+01
   1.1700340e+01  -5.1778980e+01
   3.8989669e+01   3.5391992e+01
   3.2635030e+01  -4.1741292e+01
  -1.8160772e+01  -4.8898850e+01
   5.5306374e+01  -2.7396177e+00
   4.1187598e+01  -3.8522861e+01
   4.2046595e+01  -4.2365078e+01
   4.9724150e+01  -1.3628880e+01
  -3.3957585e+01   4.8636854e+01
  -3.3186678e+01   4.9262237e+01
   4.4897923e+01  -3.9763545e+01
  -5.4876428e+01  -1.1914747e+00
   2.2685057e+01  -5.0144477e+01
   3.2708373e+01  -4.8908379e+01
  -4.4881309e+01  -3.5041827e+01
   3.9072108e+01  -3.3134161e+01
   4.3640802e+01   3.7142878e+01
   3.7426827e+01  -4.4565950e+01
   1.6733450e+01   5.4250440e+01
  -4.8514939e+01   2.0077550e+01
   5.8472743e+01  -3.8047610e+00
  -2.7749832e+01  -4.5241083e+01
   2.1891921e+01   5.4357900e+01
   5.9476684e+01  -7.4592306e+00
  -5.1517866e+01  -1.6901052e+01
  -5.6320807e+01   1.9834038e+01
  -2.3626183e+01  -5.3830685e+01
  -5.4022308e+01  -5.0437005e+00
   3.1744636e+00  -5.9223320e+01
  -9.6730783e+00  -4.9636631e+01
  -3.4549965e+01  -4.5596789e+01
   4.5751152e+01   2.8245681e+01
  -4.3636485e+01  -2.6955557e+01
  -1.1605951e+01   5.1618854e+01
  -1.4034514e+01   5.5296347e+01
  -5.1815868e+01   1.3673872e+01
   4.8539871e+01   1.6193689e+01
   4.6977341e+01   2.0376905e+01
   5.6162687e+01  -8.5798959e+00
   3.7652929e+01  -3.4522725e+01
   3.0606364e+01  -4.7806874e+01
   4.4790562e+01  -3.0965545e+01
  -3.7549856e+01   3.8254054e+01
  -9.8821376e+00  -5.0602325e+01
   5.4347121e+01  -5.6969652e+00
   5.3281892e+01   2.9087570e+00
  -4.9073635e+01   1.5164873e+01
  -1.5050745e+01   5.2951571e+01
  -3.8303505e+01  -3.3022325e+01
  -5.4649735e+01   2.0232888e+01
   4.0456909e+01  -3.7539070e+01
  -3.7060632e+01   3.6468833e+01
  -1.1939259e+01  -5.5173757e+01
  -4.9428955e+01   8.4372543e+00
  -7.8719550e+00   5.4252703e+01
  -2.1730431e+01  -4.8840898e+01
  -2.4372281e+01   4.5821552e+01
   3.7529372e+01  -4.0673372e+01
  -5.1213068e+00  -5.1879439e+01
  -4.2581213e+01  -2.6654318e+01
  -2.1093909e+01  -4.8199214e+01
   3.7753755e+01  -4.4802200e+01
   5.0005429e+01   1.6471190e+01
   5.4622592e+01   1.6615611e+01
   4.6786243e+01  -3.3292461e+01
   4.7825073e+01   2.3183265e+01
  -4.0284049e+01   4.0740608e+01
   4.1198575e+01   3.5603437e+01
  -2.0507720e+01  -5.4294894e+01
   5.0722991e+01  -2.5628920e+01
  -1.0862426e+01   5.3850283e+01
  -4.7096680e+01  -2.3190706e+01
  -4.6805143e+01   3.6964794e+01
  -5.2228116e+01   1.5223987e+01
   4.0892806e+01  -3.5428644e+01
   3.7094716e+01  -3.8032515e+01
   4.8196315e+01  -2.3486107e+01
  -3.4168497e+01   4.3356282e+01
   3.1821564e+01  -3.9971555e+01
   4.8696489e+01   1.8195430e+01
   4.8663100e+01   2.4277551e+01
   3.6349912e+01  -3.8552595e+01
   3.7001912e+01  -4.1476905e+01
  -3.1746487e+01  -3.9792060e+01
  -3.3407791e+01  -4.3395903e+01
  -3.0251334e+01   4.0893783e+01
   4.9904044e+01   2.2230365e+01
  -2.4480710e+01   4.9987027e+01
   5.1904202e+01  -1.3324326e+01
   2.2409451e+01  -5.1647486e+01
  -5.3465986e+01   8.1655526e+00
   5.5714384e+01  -9.2692351e+00
   9.9284689e+00   5.5315304e+01
   1.6554044e+01   5.6651401e+01
   3.8274756e+01   4.5811394e+01
  -4.5156244e+01  -3.0164589e+01
  -1.0850404e+01   5.8753677e+01
  -5.1354218e+01  -2.0220867e+01
  -3.8681510e+01  -4.0130999e+01
  -5.7121958e+01  -8.0071638e+00
   3.3808908e+01  -3.7386543e+01
  -4.7894865e+01  -1.6142599e+01
   5.3988186e+01  -4.8372116e+00
   4.3313744e+00  -5.2833903e+01
  -7.7886854e+00  -5.1130627e+01
   4.4479129e+01  -2.3453872e+01
   3.6737623e+01  -3.7503528e+01
   1.1590564e+01   5.5144364e+01
  -2.4755527e+01  -4.4548012e+01
   5.2002344e+01   2.4297870e+01
   4.3902483e+01   2.8706643e+01
   5.1961186e+01  -2.2499159e+01
  -3.9934543e+01  -3.5054190e+01
  -1.5025866e+01  -5.0297779e+01
   5.0798341e+01  -1.2253069e+01
   2.0751575e+01  -5.1307126e+01
  -2.2715002e+01  -4.9985996e+01
  -3.1134456e+01   4.2829357e+01
   1.2034237e+01  -5.0729693e+01
  -5.1865274e+01  -1.4817143e+01
   4.2487870e+00   5.7681034e+01
   5.1247807e+01   2.0624499e+01
  -2.0435367e+01  -5.2240938e+01
   4.8350139e+01  -2.4886347e+01
   3.4129993e+01   4.5642416e+01
  -7.8382035e+00  -5.3839994e+01
  -5.6105891e+01   1.4359882e+01
  -6.1526312e+00   5.1735876e+01
   1.0790055e+01  -5.7157147e+01
  -5.0925240e+01  -1.7040130e+01
  -2.4158892e+01  -4.9809079e+01
  -5.6426722e+00  -5.1514478e+01
  -2.9969162e+01   4.9367360e+01
   3.8804789e+01   4.1995290e+01
   5.0494979e+01   2.9463677e+01
   1.2158271e+01  -5.2597792e+01
  -5.5751730e+01  -6.4708774e+00
   1.2537595e+01  -5.3146508e+01
   4.5681901e+01  -2.6814802e+01
   1.7997357e+01  -4.9044118e+01
   4.3184247e+01   3.8937923e+01
   4.9655806e+01  -1.1800851e+01
   5.0662977e+01   5.3750164e+00
   4.7576776e+01   3.0179146e+01
   4.7493280e+01  -3.2742837e+01
  -3.7424268e+01  -4.6251437e+01
  -2.4520329e+01   5.3624506e+01
  -3.1949039e+01  -4.5734884e+01
  -3.7657301e+01  -4.1880103e+01
   2.4916475e+01   4.6090267e+01
  -1.1384871e+01  -5.3416986e+01
  -2.1912328e+01  -4.8533079e+01
   2.4740286e+01   5.2676644e+01
   4.3852463e+01   3.0616906e+01
   2.0757707e+01   4.8615080e+01
   4.1419162e+01  -3.7567339e+01
  -6.1268895e+00   5.1850643e+01
   5.2949404e+01  -2.3915845e+01
  -1.5025936e+01   4.8348778e+01
   1.2867255e+01  -4.9449688e+01
   7.0117236e+00   5.0947311e+01
   2.6724410e+01  -4.9971196e+01
   5.0396154e+01  -8.7771567e+00
   4.6701730e+00   5.0523534e+01
   4.9206821e+01  -1.4346572e+01
   2.2212383e+01   5.0156943e+01
  -3.4599269e+00  -5.1857517e+01
   1.4791882e+01   5.4919574e+01
  -2.9874045e+01  -5.1037091e+01
  -5.2841878e+01  -7.0400974e+00
   1.7303442e+01  -5.6224141e+01
  -4.7947312e+01   3.3938230e+01
   4.9390429e+01  -1.2596495e+01
  -5.2058861e+01   1.7205476e+01
  -1.6432621e+01  -4.7336889e+01
   5.1497059e+01   1.8491650e+01
  -5.4745937e+01  -2.9514963e+00
  -3.3274966e+01  -3.7499482e+01
  -1.5021111e+01   4.8912715e+01
  -5.9754532e+01   1.1990718e+00
   3.6523531e+01  -4.2579731e+01
  -4.2733966e+01   2.7313128e+01
  -5.7474124e+01   6.4606096e+00
   1.6910578e+01  -5.3248635e+01
   5.0489272e+01   1.6765897e+01
  -5.1170298e+01  -4.8201551e+00
  -4.1716689e+01  -3.8587878e+01
  -3.6915723e+01  -3.7491645e+01
  -5.5876168e+01  -1.1991242e+01
   4.7230982e+01  -3.6107783e+01
  -3.7996354e+01   3.5684915e+01
  -3.8859529e+01   4.2673619e+01
   4.1663467e+01   3.6321355e+01
   5.0456374e+01  -1.6927981e+01
   5.1540934e+01  -2.7544996e+01
  -5.3371685e+01   1.6739933e+01
   2.4723081e+00   5.1059540e+01
  -5.7637682e+01  -2.4716309e+00
   3.8026380e+01  -3.6143048e+01
  -4.6845147e+01   2.7749861e+01
  -1.1436325e+01  -5.1993307e+01
  -4.6056879e+01   1.9566205e+01
  -3.0393404e+01  -4.0435302e+01
  -3.1687900e+01   3.9419769e+01
   3.3714814e+01   3.8323614e+01
  -5.3342568e+01  -5.8525905e+00
  -3.7578776e+01   3.2998871e+01
  -1.3826475e+01  -5.5762896e+01
   2.9157481e+01  -4.5772060e+01
  -5.2094198e+01  -4.2556465e+00
   3.3655441e+01   4.5554292e+01
   5.4864349e+01   1.6760464e+01
   3.7022569e+01  -3.6489935e+01
  -3.5371824e+01  -3.7103729e+01
  -3.5553405e+01  -4.8240037e+01
  -2.5744695e+01  -4.4874497e+01
   4.7293392e+01   2.1921238e+01
  -5.1374230e+01   2.0435687e+01
  -3.0257639e+01   4.0683157e+01
  -3.1382909e+00   5.3062137e+01
   5.2626596e+01   1.5793404e+01
   3.9079045e+01  -3.6888019e+01
  -2.9850458e+01   4.7013756e+01
   1.4717163e+01   5.1763122e+01
   4.6808370e+01   2.6827711e+01
  -4.6976585e+01   1.8194031e+01
  -4.8879307e+01   3.2316515e+01
   5.0731014e+01  -3.3726421e+00
   3.4087066e+01   4.4508068e+01
   2.7384091e+01  -4.3013847e+01
  -2.3275658e+01   4.8222313e+01
  -5.9324454e+01  -3.4388459e+00
  -2.2934535e+01   5.3200673e+01
   5.3305145e+01   2.6467659e+00
  -6.1635044e+00  -4.9683037e+01
   3.5578376e+01   3.8042916e+01
   3.6966850e+01   3.6288100e+01
   5.1725532e+01  -2.5562899e+01
  -5.0716663e+01  -4.7277279e+00
   3.0965948e+01   4.4024498e+01
   4.5523334e+01  -3.8346220e+01
  -4.6659150e+01   3.4903722e+01
  -1.2396979e+01   5.3868060e+01
  -3.9825202e+01   3.9940938e+01
  -1.7989029e+01   4.7791608e+01
   1.2838487e+01  -5.5489110e+01
  -3.8031174e+00  -5.2760320e+01
  -5.2262627e+01   1.3589834e+01
   1.6157172e+01  -4.7779708e+01
  -5.2051289e+01  -5.5044918e+00
   5.3059100e+01   2.1759866e+01
   4.1386685e+01  -3.9519097e+01
  -4.0912578e+00   5.6721923e+01
   1.9336198e+00   5.3357074e+01
   5.4971981e+01   4.8507354e-01
  -1.7094237e+01  -4.9614867e+01
  -4.7955721e+01   2.8531916e+01
   2.2069074e+01  -4.7307490e+01
   3.2921448e+01   4.4773051e+01
   4.8447581e+01   2.0504560e+01
  -4.6019704e+01  -2.0553505e+01
  -2.9970617e+01   4.1020301e+01
  -1.1595648e+00  -5.8346284e+01
   4.4561449e+01  -3.0123726e+01
   4.7189490e+01   2.7968387e+01
  -5.6886851e+01   1.4950839e+01
   1.2736105e-01  -5.9765052e+01
   3.8712955e+01   4.3296200e+01
   4.6451427e+01   2.9911560e+01
   2.0761765e+01  -5.4614699e+01
   1.5390690e+01  -5.4195694e+01
  -4.7901189e+01  -2.8040504e+01
   5.2591648e+00  -5.4721627e+01
  -5.3180386e+01  -1.0386141e+01
  -2.2633547e+01  -5.5534160e+01
  -5.6590560e+01  -1.1831132e+01
   5.0843660e+01   2.5960561e+01
  -2.8997071e+00  -5.2984437e+01
  -8.9121543e+00  -5.2076519e+01
   6.9218117e+00  -5.5320875e+01
   2.2092965e+01  -4.6383835e+01
   4.4554341e+01  -3.6433223e+01
   4.7112847e+01   1.7095493e+01
   4.9423364e+01   8.9013859e+00
   4.5978489e+01   2.7280591e+01
  -3.7715738e+00  -5.8477257e+01
   2.3454159e+01  -4.8797635e+01
   2.4094443e+01   5.2037985e+01
   2.6033254e+01  -4.5266094e+01
   5.5158671e+01   1.3483547e+01
  -5.6660748e+01   1.6998993e+01
  -4.0021346e+01   4.2034843e+01
  -5.0172341e+01   2.5182179e+01
   4.6096235e+01   3.1065228e+01
  -5.3669566e+01   2.5138446e+00
  -5.4657880e+01   1.7936667e+01
  -1.0882729e+01  -5.2520305e+01
  -4.5029603e+01   2.3469518e+01
  -2.0469828e+01  -4.9669922e+01
  -5.6389926e+01  -1.0464039e+01
   5.5523969e+01   1.8440514e+01
  -5.1769496e+01   1.1007800e+01
   5.4846563e+01  -1.4034246e+01
  -2.8041370e+01  -5.2581413e+01
   3.2497143e+01  -4.5471643e+01
   1.9876399e+01  -4.5957456e+01
  -9.5474128e-01  -5.3070919e+01
   2.2977506e+01  -4.9028212e+01
  -2.1032217e+01  -4.9232399e+01
   5.2704580e+01   2.8034535e+01
   1.5919323e+01   5.6257068e+01
   1.1044455e+01  -5.2002632e+01
  -3.4298990e+01   4.1309442e+01
  -1.2492481e+01  -5.0394938e+01
   1.4555381e+01  -5.4032675e+01
  -4.7294418e+01   2.7661519e+01
   5.1752994e+01   1.3200635e+00
   3.2399670e+01  -3.8678114e+01
   5.3554826e+01  -5.9463330e+00
  -4.7990408e+01   1.4784030e+01
   2.6058256e+01  -5.0540039e+01
  -4.9624585e+01   2.6218443e+01
  -5.4151765e+01   9.6350271e+00
   1.8521062e+01   5.2644218e+01
  -1.0547537e+01   5.5910858e+01
   5.1477328e+00   5.0005660e+01
  -4.1978313e+01   3.0971223e+01
   4.9678546e+01   1.3055043e+01
   2.2428564e+01   5.2101939e+01
   2.9846850e+01   4.5220196e+01
   4.4860943e+01   2.4584311e+01
  -9.1406822e+00   5.6198412e+01
   4.9554666e+01   2.6839979e+01
  -1.1960551e+01  -5.6531802e+01
   2.9489784e+01   5.1166520e+01
  -4.8559702e+01  -2.9035497e+01
   3.0629783e+01  -4.4369111e+01
   2.3676341e+00   5.3753445e+01
  -4.2924360e+01   2.9674376e+01
  -1.3826119e+01  -5.1865128e+01
   1.5092825e+01  -5.1468285e+01
  -3.0292748e+00   5.3732506e+01
  -3.9971863e+01  -4.1332017e+01
  -4.3609260e+01  -3.1607286e+01
   3.5523280e+01  -3.7254933e+01
  -5.7787435e+00  -5.0529334e+01
  -5.2279480e+01   2.3142310e+01
   3.3163546e+01  -4.4154003e+01
  -4.8550032e+01   3.0869091e+01
   2.0529993e+01  -5.1460861e+01
   4.2174441e+01   3.7344536e+01
  -2.7504725e+01   5.0885561e+01
  -2.9542945e+01  -4.1880045e+01
   1.0375194e+01  -5.4990074e+01
  -2.6186377e+01  -5.0274215e+01
  -1.5521458e+01   5.3770798e+01
  -5.4573248e+01   1.9639406e+00
  -3.5209030e+01  -4.1905429e+01
  -4.8737367e+01   1.6688885e+01
  -3.8922994e+01  -3.7947103e+01
  -1.1309790e+01   5.1600556e+01
  -5.4238965e+01   2.0443129e+01
  -3.8860935e+01   3.3543046e+01
   4.3001371e+01  -3.0132542e+01
   4.0135787e+01  -3.3851594e+01
   4.4432351e+01   3.7476837e+01
   5.0666873e+01   8.3220650e+00
  -2.9063440e+01  -5.1085949e+01
   3.6584706e+01   3.8451270e+01
  -4.5945789e+01   3.2457462e+01
  -2.4384500e+01  -5.2791591e+01
  -5.3738515e+01  -4.4857264e+00
  -5.5374540e+01  -1.3498160e+01
   2.8051424e+00  -5.6576778e+01
   3.1976869e+01  -4.6032545e+01
   4.5864655e+01  -2.9273145e+01
  -5.9720859e+01   3.2604117e+00
   3.7932047e+01  -4.1770541e+01
   3.1808714e+01   3.8610323e+01
  -3.1081202e+00   5.0724428e+01
  -1.8176536e+01  -4.8840102e+01
   5.9030748e+01  -3.3211901e+00
   5.5645232e+01   1.2853239e+01
   4.5184149e+01   2.8628706e+01
   5.1865369e+01   8.5035139e+00
  -2.1881369e+01  -5.3601370e+01
  -4.2592764e+01  -3.1988199e+01
   5.7265161e+01   2.5850901e+00
   4.4443448e+01   3.4773828e+01
   4.2706392e+01  -3.5071240e+01
  -1.0269138e+01   5.1692615e+01
   5.3227594e+01  -1.2373166e+01
  -1.3748533e+01  -5.8367045e+01
   7.8956253e+00  -5.9334710e+01
  -5.6603747e+01   4.0804351e+00
   5.8596905e+01  -8.3962239e+00
   1.4123755e+01   5.8008790e+01
   5.8630786e+01  -2.6518876e+00
   3.2654379e+00  -5.0294362e+01
  -5.7497302e+01   6.7449655e+00
  -4.0302953e+01  -4.4116603e+01
   1.3802765e+01  -5.0338993e+01
  -3.0178011e+01  -4.1371868e+01
   1.7908545e+01   4.8387792e+01
  -5.1526781e+01   1.5101115e+01
  -1.8963667e+01   5.3764606e+01
   5.7888376e+01   1.0917535e+01
  -2.3615301e+01   5.3614002e+01
   4.9749358e+01  -1.8551043e+01
   3.4372741e+00   5.6875886e+01
  -5.2150204e+01  -2.5845570e+01
   4.8075865e+01  -2.8953237e+01
   1.4767334e+01   5.0914340e+01
   3.6330840e+01   4.3896258e+01
  -2.1200460e+01  -5.2643680e+01
   5.2097329e+01   6.4126706e+00
  -1.9765131e+01  -4.8979760e+01
   4.2833073e+01  -3.9332770e+01
   2.2768338e+01   4.8760359e+01
   2.6424568e+01   4.6670262e+01
  -1.4257530e+01  -5.0169359e+01
  -4.9768917e+01   1.8317573e+01
   5.6945110e+01  -1.6105362e+00
  -4.2398325e+01   3.3472068e+01
   3.0554879e+01  -4.6769463e+01
  -5.4522668e+01   1.9328357e+01
   5.8080837e+01   1.4972622e+01
  -1.1036150e+01   5.0943280e+01
  -5.6984296e+01   1.1287423e+01
  -4.9789425e+01   2.7554617e+01
   1.6168536e+01   5.6255181e+01
   2.8651571e+01  -5.2623846e+01
   2.2546575e+01  -5.1734383e+01
  -4.8912419e+01   3.4080077e+01
   1.3943156e+01   5.2422639e+01
   4.1734614e+01   3.9491920e+01
  -5.7716714e+01   1.5862439e+01
   4.9396575e+01  -1.4835698e+01
   9.2988414e-01  -5.1284214e+01
   5.7674482e+01  -3.6439903e+00
   5.6988905e+01   5.0484593e+00
  -5.1361893e+01  -9.2904296e+00
  -5.1590503e+01   8.2409439e+00
   5.2995626e+01  -1.7166154e+01
  -3.2810258e+01  -3.8130691e+01
   4.6158152e+01  -2.9731987e+01
  -3.4257579e+01   3.9541198e+01
   5.0906632e+01  -3.4025536e+00
  -4.6376143e+01  -3.6654767e+01
   2.8072503e+01   4.8143311e+01
   4.0066502e+01   3.1742117e+01
   5.6597166e+01  -2.7611443e+00
  -4.0058812e+00   5.2127793e+01
   2.6842846e+01  -5.3659598e+01
   2.9832839e+00   5.5979480e+01
   2.2110707e+01  -5.0672578e+01
  -4.3828076e+01  -3.9594270e+01
  -1.9071049e+01   4.7788539e+01
   5.4918582e+01   7.0198586e+00
  -3.7744039e+01  -4.0728727e+01
   5.2735009e+01  -6.6375179e+00
  -3.2999431e+01  -4.1666465e+01
   2.2478284e+01  -5.3069099e+01
  -2.8445732e+01  -4.3861507e+01
  -3.6191376e+01  -4.0189569e+01
  -5.1051366e+01  -3.0153012e+01
   5.3398957e+01   1.4734416e+01
  -4.7266556e+01  -1.9757389e+01
   4.9341737e+01   2.5227841e+01
  -5.8745924e+01  -4.6016050e+00
  -3.6391105e+01  -4.0030486e+01
   5.3256327e+01  -6.3262164e+00
   3.3543532e+01   3.8857479e+01
  -5.6011307e+01  -1.8526242e+01
   2.0922234e+01   4.6316620e+01
   5.4464459e+01   1.9516186e+01
   9.3795370e+00  -5.7855249e+01
  -7.9736869e+00  -5.4824159e+01
  -1.4959753e+01  -5.1919683e+01
  -6.4027264e-01   5.4981949e+01
  -5.3785850e+01  -5.3750603e-01
  -5.0028137e+01   3.2561130e+01
   3.2469132e+01  -4.1419761e+01
  -7.8625606e+00  -5.4602640e+01
  -3.1556892e+01   4.4451608e+01
  -3.7795401e+01  -3.5163648e+01
  -1.7894004e+01   5.2278598e+01
  -3.2752367e+01  -4.0609170e+01
  -3.2704125e+01   4.5856210e+01
   5.0030298e+01   2.8361929e+01
  -5.0517982e+01  -1.0115637e+01
  -3.0548887e+01  -4.0101487e+01
  -3.5747185e+01   3.7586643e+01
  -4.1493828e+01  -2.8807600e+01
  -4.7756176e+01   1.9863088e+01
   2.2619088e+01   5.0828470e+01
  -3.5550145e+01   4.4194284e+01
   4.6712410e+01  -2.3482905e+01
   3.7502616e+01   4.6418647e+01
   5.1510228e+01  -3.1595294e+00
   1.9167964e+01   5.2719601e+01
  -3.9618138e+01   3.1301008e+01
  -4.2317579e+01   3.3206431e+01
   5.1177301e+01   2.0242468e+01
  -9.1425440e-02   5.0106415e+01
  -5.0082169e+01  -1.8410909e+00
   4.3567811e+01   2.6085894e+01
   2.3024976e+01  -4.7991696e+01
  -5.0454407e+01   1.2328039e+01
  -3.1921998e+01  -4.2783548e+01
   1.5581409e+01   5.0581468e+01
   4.1716791e+01  -4.0195365e+01
   2.9130182e+01  -5.2024604e+01
   4.2334001e+01   3.3014890e+01
   2.9106603e+01   5.0964310e+01
   9.7693689e+00   5.1302115e+01
   5.0149886e+01  -7.1115229e+00
  -5.7295807e+00  -5.6179000e+01
  -6.2598113e+00   5.0111430e+01
  -4.3908184e+01   3.5595770e+01
  -4.3815317e+01  -3.5517804e+01
  -4.7494138e+01  -3.0580469e+01
   2.4288094e+00   5.5453533e+01
  -1.4038332e+01   5.0077955e+01
   2.3824782e+01  -5.2789902e+01
   4.7192071e+01  -1.8821459e+01
   4.6127427e+01   2.3487021e+01
  -2.9355739e+00   5.5639370e+01
   5.0605735e+01   1.4519573e+01
  -5.1080087e+01   1.3880506e+01
  -1.7136566e+01   4.9994954e+01
  -4.1195235e+01   3.4079394e+01
  -1.6401620e+01   4.9439917e+01
   5.2562069e+01   7.8611751e+00
   4.2243553e+01   3.0458156e+01
  -4.7702554e+01  -2.4915882e+01
  -4.6913116e+01   3.0587595e+01
   6.7567874e+00   5.5905335e+01
  -3.7703548e+01   3.6096857e+01
  -3.3199749e+01  -3.9932940e+01
   3.2067508e+01   4.8800531e+01
   1.1308613e+01   5.6529387e+01
  -1.4977432e+01   5.0848971e+01
  -2.0830383e+01  -4.6444635e+01
   2.0236624e+01  -4.6623761e+01
  -1.6279390e+01   5.4207561e+01
   2.8916346e+01   4.6291187e+01
   2.7011100e+01  -5.1176193e+01
  -5.6396871e+01   1.0532787e+01
   4.2207656e+00  -5.2286039e+01
   4.3776008e+01  -3.9079680e+01
  -4.3880583e+01  -3.0851200e+01
   1.8159834e+01  -5.2640175e+01
   2.6108609e+01  -4.5760816e+01
   1.7561694e+01  -4.9786740e+01
  -2.4408811e+01  -4.8568909e+01
  -5.6183237e+01  -1.6375421e+01
  -5.6279369e+01   7.2281560e+00
  -1.9520150e+01   4.6911995e+01
  -5.9677736e+01   5.5628507e+00
  -5.2947495e+01   2.3085732e+01
  -4.8663744e+01  -2.1289751e+01
  -2.7394831e+00   5.2498455e+01
   4.5978526e+01   3.7499435e+01
   5.4329666e+01  -1.2594903e+01
   4.6109062e+01   2.1425989e+01
   5.9177048e+01  -8.9382198e-01
   5.2365789e+01  -2.1655544e+01
  -5.2463376e+01  -1.5259923e+01
   3.3144250e+01  -4.3992912e+01
  -4.6522638e+01  -3.4694156e+01
  -5.1925065e+01   2.3925494e+01
   5.2603937e+01   2.0105796e+01
  -2.2113898e+01   5.4429518e+01
   5.6347125e+01   1.5480696e+00
   9.1690470e-01  -5.2957923e+01
   4.9569901e+01  -1.4780304e+01
   5.2707961e+01  -1.0285292e+01
   2.3485322e+01  -4.8484685e+01
   4.8272581e+01   2.7718143e+01
  -3.5351588e+01   4.3698472e+01
  -4.7117256e+00   5.6588159e+01
   3.1081067e+01   4.4076612e+01
  -2.7485497e+01  -5.2318941e+01
   5.3801923e+01   1.4809991e+01
   5.4223849e+01   1.3221096e+01
   5.3117602e+01   2.7704571e+01
   1.2162698e+01   5.8577925e+01
  -2.1328115e+01  -5.1361369e+01
   3.7358753e+01  -4.3886773e+01
   1.9648463e+01   4.8739185e+01
   5.3251121e+01  -1.3446155e+01
   4.9950462e+01   8.4072907e+00
   5.1397219e+01   8.1085972e-01
  -2.0913303e+01  -5.4554857e+01
  -5.0334344e+01   2.9989827e+01
  -4.9678352e+00  -5.9671687e+01
  -3.0703285e+01   4.3795733e+01
  -4.5862900e+01   2.7909526e+01
  -4.1559085e+01  -3.3081486e+01
   1.2740220e+01   5.8613249e+01
  -2.4187207e+01  -4.5574626e+01
   4.9958479e+01  -3.2989063e+01
   5.0439313e+01  -8.8719489e+00
   5.2129448e+01  -1.5708302e+00
   3.9171284e+01   4.0811242e+01
   5.2654455e+01  -3.4252956e+00
   1.4013810e+01  -5.1362995e+01
  -4.3578759e+01  -3.1905843e+01
  -5.5530986e+01   3.9804499e+00
  -1.7512567e+01  -4.8027543e+01
   4.7995361e+01   1.8076937e+01
  -2.4548111e+01  -4.4404810e+01
   5.1719390e+01  -2.5339836e+00
  -2.4050218e+01   4.5962835e+01
   4.9489951e+01   2.6743370e+01
  -5.6904166e+00  -4.9960974e+01
  -1.3277374e+01   5.3115534e+01
  -5.3691844e+01   1.1707567e+01
   5.1994286e+01  -1.1564396e+01
   5.4171241e+01   6.2583575e-01
  -5.1083085e+01  -7.4173127e+00
   4.0852021e+01  -2.9264872e+01
   4.8009390e+01  -3.1024765e+01
   5.3126599e+01   1.4956664e+01
  -5.1853609e+01   9.2206573e+00
   3.6490570e+01   3.9992962e+01
  -3.5114234e+01  -3.7916158e+01
   4.0038992e+01  -3.3877426e+01
   6.4580388e+00  -5.7219430e+01
   4.4429164e+01   3.7868551e+01
   5.1711801e+01   1.8062145e+01
  -1.4094019e+01   5.0967689e+01
   3.2389577e+01  -4.7604910e+01
  -2.1883654e+01  -5.2996831e+01
   4.6752738e+01  -1.9495738e+01
  -1.5987603e+01   5.7725188e+01
   5.0368227e+01   1.6968444e+00
  -1.3465454e+01  -5.6188155e+01
  -1.7775824e+01   5.7026264e+01
  -4.7139788e+01   2.6649598e+01
  -2.2378945e+01   4.8162412e+01
  -5.4525738e+01  -1.2939516e+01
  -5.1277462e+01  -2.6813681e+00
  -6.8790794e+00  -5.1363844e+01
  -1.3790156e+01   5.2775433e+01
  -3.0096449e+01  -4.3929355e+01
  -5.1785494e+01  -1.7827301e+01
  -5.0059475e+01   6.3192331e+00
  -7.6734786e+00   4.9663229e+01
  -3.9705399e+00  -5.0729294e+01
   2.5294033e+01  -5.1481108e+01
  -7.7058383e+00   5.7515725e+01
  -5.1832370e+01  -4.0584342e+00
   5.9176598e+01   5.1886477e-02
  -3.8714665e+01   4.4489890e+01
  -1.7913163e+01   5.2885347e+01
  -5.2351423e+01   2.2059332e+01
  -5.5194701e+01   1.8921855e+01
  -3.3290158e+01   4.6942345e+01
   2.7124100e+00   5.5715856e+01
   3.6640164e+01  -3.9666745e+01
   1.8406869e+01  -4.6946683e+01
   4.4567585e+01  -2.3738202e+01
   4.7209738e+00   5.2822486e+01
  -5.0862101e+01   2.6505584e+01
   4.7298311e+01  -2.4028395e+01
   5.1659589e+01   1.4061757e+01
  -5.3968296e+01   1.3285435e+01
  -4.6647403e+01   2.2790881e+01
   5.5260027e+01  -8.3240478e+00
  -1.3148701e+01  -4.8683557e+01
   4.9926604e+01  -2.9533253e+01
  -4.2270842e+01  -3.3046624e+01
   1.8313820e+00  -5.2420103e+01
  -3.2690527e+01   4.4979961e+01
  -1.0401490e+01  -5.5272287e+01
   2.1461282e+01   4.8486415e+01
   5.2481971e+01  -1.5509432e+01
  -1.1460942e+01  -5.4690972e+01
  -4.7498671e+01   3.4505238e+01
   1.7118567e+00  -5.1671998e+01
   3.5038121e+01   4.2188093e+01
   4.5324960e+01   3.1694269e+01
   2.0096638e+01   5.4783901e+01
  -5.6820604e+01   1.6239280e+01
   1.5630716e+01   4.7509513e+01
   1.4925855e+01  -4.9961200e+01
  -4.8029282e+01  -2.1446278e+01
   5.6252286e+01   4.7749564e+00
  -1.2747137e+01  -5.8184361e+01
   1.5497665e+01   5.5992734e+01
   4.1275078e+01   3.8023772e+01
  -5.3236476e+01   2.8051840e+00
  -3.9668895e+01   3.6802661e+01
  -3.1314580e+01   4.6245072e+01
  -4.7545314e+01  -2.4607150e+01
   1.0062041e+01   5.3037217e+01
  -1.3990409e+01  -4.8028365e+01
  -6.9601079e+00   5.6324559e+01
   5.7221249e+01  -1.5359612e+01
  -1.4491076e+01  -5.8149147e+01
   5.2328797e+01   1.0783767e+00
  -3.7778038e+01   4.4979264e+01
   5.0100060e+01   2.7214377e+01
  -6.0476682e+00   5.0541570e+01
  -1.4469311e+01   4.8346053e+01
  -2.0158887e+01   5.5150038e+01
   4.4983041e+01   3.9004231e+01
   5.6673245e+01  -1.8518380e+01
   8.7631202e+00  -5.0508911e+01
  -2.4106685e+01  -5.2060321e+01
  -5.8890684e+01  -1.0131306e+01
   1.1699270e+01  -5.2377049e+01
  -5.4880758e+01  -4.7940287e+00
   1.5034718e+01   5.0983831e+01
  -5.0987329e+01   5.4177634e+00
   4.8289818e+01   3.2445106e+01
   3.6765229e+01   4.4152362e+01
  -5.4419607e+01  -1.3058569e+01
   5.5755199e+01   2.1831423e-01
  -4.7654095e+01   2.2287813e+01
   4.7423207e+01   1.7772421e+01
  -3.8584197e+01  -3.8303834e+01
  -1.7313556e+01  -5.2756742e+01
   3.0547709e+01  -4.7516292e+01
  -4.3118836e+01   3.3042882e+01
   5.2499817e+01   1.3338894e+01
  -5.0466969e+01  -2.2559417e+00
  -5.0956994e+01   8.1086714e+00
  -4.3184465e+01  -3.8467375e+01
   4.0891627e+01  -3.1271518e+01
  -1.1742984e+01  -5.7912938e+01
   5.4801490e+01  -1.1100019e+01
  -5.7987010e+01  -1.0131482e+01
   4.9970478e+01  -7.5421413e+00
   5.1896469e+01  -1.7169771e+01
  -2.6328538e+01   4.3819531e+01
  -9.1499365e-01  -5.9000186e+01
  -4.5847350e+01  -3.7971917e+01
  -3.2664068e+00  -5.8035196e+01
  -5.2231473e+01  -1.0713393e+01
  -2.1612822e+00  -5.2668001e+01
   4.8784076e+01   1.3100188e+01
  -4.4598506e+01  -3.8462158e+01
   4.8424115e+01   3.5178483e+01
  -1.0214718e+00   5.3633873e+01
  -3.8029362e-01  -5.6462027e+01
   2.9998092e+01   4.0361804e+01
  -1.1686425e+01   5.0980929e+01
   5.5340651e+01   1.4493856e+01
  -3.1706629e+01  -5.0045328e+01
  -5.5568023e+01  -3.4461671e+00
  -5.6525542e+01  -1.4628277e+01
  -4.9336336e+01  -3.2857170e+01
  -2.1402197e+01  -4.7956970e+01
  -2.2910183e+01   4.4817023e+01
   3.9798097e+01  -4.1113829e+01
   5.0391284e+01   2.9083989e+00
   2.3517564e+01  -5.0318854e+01
  -4.1999739e+01  -2.8163916e+01
   5.8686093e+01  -5.9561060e+00
  -1.1789501e+01   5.3957271e+01
  -5.2459047e+01  -2.2876109e+01
   4.7376386e+01   1.9914050e+01
  -1.9975115e+01   4.8678394e+01
   4.8883678e+01   1.9260978e+01
   1.4592906e+01   5.6051360e+01
  -3.9812606e+01  -4.3465064e+01
  -4.2225314e-01  -5.4729639e+01
  -5.5975737e+01  -1.3543950e+00
   5.0324198e+01   2.0547327e+01
   2.6409812e+01  -4.7960810e+01
  -2.8061207e+01   4.3281830e+01
   2.1887537e+01   4.8209306e+01
  -3.2930362e+01   4.5232637e+01
   3.8204522e+01   4.3755684e+01
   5.6484071e+01   1.8130455e+01
  -5.5775434e+01  -3.5597806e+00
   1.7303650e+01  -5.6178459e+01
   1.9638859e+00   5.2861436e+01
   5.3420746e+01   9.9544887e+00
   5.3818104e+01   1.0153756e+01
   5.4864965e+01   4.8083801e+00
  -3.8351601e+01  -3.9727914e+01
   1.9446248e+01   5.6739069e+01
   1.7588560e+01  -5.6004128e+01
  -1.9350088e+01   4.7510520e+01
  -4.2253368e+01  -3.0760460e+01
   5.3175076e+01   1.2941503e+01
  -4.3257724e+01  -2.7435573e+01
   5.1695035e+01  -5.9251379e+00
   5.2397888e+01   1.5794475e+01
   4.6078892e+01   3.4424080e+01
  -3.6843609e+01  -4.3421601e+01
  -2.0152501e+01   4.6856250e+01
   1.8072480e+01   5.0689577e+01
  -1.1920860e+01   5.3037043e+01
  -2.5695351e+01   4.5753468e+01
  -1.0505250e+01  -5.5041744e+01
   5.3451937e+01   2.5049639e+01
  -5.5226838e+01  -1.0147576e+00
   5.1910642e+01   2.8228616e+01
  -5.6056188e+01   1.6484790e+01
  -1.3557738e+01  -5.0828351e+01
  -9.5898810e+00  -5.8597303e+01
  -2.8252353e+00   5.2389239e+01
  -5.3008500e+01  -1.5642883e+01
   5.0376010e+01  -6.5623102e+00
  -3.3309603e+01   4.0323932e+01
   2.7541125e+01  -4.7197250e+01
   4.8599966e+01   3.3092948e+01
   5.9692870e+01  -8.7563790e-01
  -3.0573227e+00  -5.3904077e+01
   5.6785933e+01  -1.6063989e+01
   5.0221598e+01  -5.7495744e+00
  -3.4569149e+01   4.0321698e+01
   4.2129984e+00   1.0444070e+01
  -1.3070957e+01  -2.0157097e+01
   3.0705099e+00   8.8481725e+00
   4.8197942e+00   1.4855111e+01
   3.3920002e+00   7.5633399e+00
  -1.5926500e+01  -5.1256979e+00
   8.7486345e+00  -1.0562320e+00
  -1.0827170e+00   2.1056268e+00
  -1.9118118e+01   7.9902955e+00
   1.4426032e+01  -9.4665930e+00
   2.1225985e+00  -1.4596191e+01
   8.2842100e+00   1.6146559e+01
  -3.1956076e-01   1.2148882e+01
  -1.7512945e+01  -4.8288652e-01
  -1.2998106e+01   3.5114319e+00
   2.3711212e+01  -6.5798532e+00
   1.0775186e+01   1.9986354e+01
  -1.5669224e+01   8.0689451e+00
  -1.2285534e+01   1.3947191e+01
   3.1739048e-01  -2.4859242e+01
   8.2143826e+00   1.8500980e+01
   8.0791946e+00  -2.1574542e+01
   2.1505049e+01   3.6643450e+00
   1.3949897e+01   4.6002627e+00
  -1.0828941e+01   1.6022951e+01
  -2.2895113e+01   5.6757215e+00
   1.8178418e+01   1.8916134e+00
   2.2150456e+01   1.7953032e+00
  -1.0835957e+01  -1.8442685e+01
  -2.2167720e+01   3.4847850e+00
  -1.4602985e+01  -3.5324732e+00
  -1.2355701e+00  -2.1426981e+01
   1.2987807e+00  -1.0435507e+01
   1.1903184e+01   6.0721561e+00
   2.2320242e+00  -1.8783706e+00
   1.8753462e+01  -8.5010503e-02
   1.7310076e+01   1.7438009e+01
  -4.9330291e-02   1.8984589e+01
   1.8221729e+01   2.4035013e-01
   1.2377413e-01   1.4922766e+00
   2.8882444e+00  -1.6780809e+01
   1.4321676e-01   7.5733689e+00
   1.7673759e+01  -1.4936618e+01
   8.4268519e+00   2.0336405e+01
  -3.8970430e+00   5.1360410e-01
   1.9755089e+00  -7.8973493e+00
   8.3083931e+00   1.6786431e+01
   5.7089382e-01  -2.0842310e+01
   1.1429903e+01  -2.0302930e+01
   1.7719735e+01   6.0870922e+00
  -1.8414963e+00  -2.1014400e+01
   1.8275031e+00   3.7302534e+00
  -1.3323877e+01   7.3673625e+00
  -1.0928258e+01  -7.7029895e-01
  -1.6532432e+01   1.7710121e+01
  -1.7192175e+01  -5.6744902e+00
  -3.8972863e+00  -2.1812529e+01
  -1.3101970e+01  -1.5664606e+01
   1.8592389e+01  -5.9529948e+00
  -1.0403916e+01   1.2430393e+01
  -1.8887825e+01  -1.4462375e+01
   1.6187396e+01  -2.7681099e+00
  -1.7447414e+01  -1.5099461e+01
  -1.1498182e+01  -1.0507597e+01
  -3.3201193e+00   1.8784911e+01
   2.3100813e+01   4.5441283e+00
   1.4823921e+01  -1.4335954e+01
   5.3351850e+00  -7.9139040e-01
   4.6398445e+00   1.0379415e+01
   6.9474906e+00  -1.1350496e+01
   1.5445570e+01   1.2932930e+01
   2.0889052e+01   2.0099808e+00
  -1.6258346e+01  -1.8447194e+01
  -1.6947369e+01  -2.1847581e-01
  -8.0787069e+00  -1.3854048e+01
   1.2120323e+01  -7.1804733e+00
  -7.5815844e+00   1.2934998e+01
   1.3727852e+01   1.6496162e+01
  -6.2781605e-01  -1.9712361e+01
  -7.7293871e+00   3.0680359e+00
   6.1512926e+00   4.4931688e+00
  -1.4259247e+01  -5.9828492e+00
   1.8237751e+01  -4.4707339e+00
  -1.5555000e+01   4.2072723e-01
  -3.5324460e-01  -1.7027810e+01
   1.1521332e+01   1.6946920e+01
   1.8505653e+01   1.4344901e+01
  -6.7092752e+00  -5.3811192e+00
   3.7571972e+00   1.6019981e+01
  -1.2492658e+01   1.5678001e+01
   1.8989753e+01   1.1492290e+01
  -2.2821171e+01   2.0721083e+00
   4.9213937e+00  -2.3673251e+01
  -1.2811728e+01  -3.7246900e+00
   1.7889981e+01   1.4243934e+01
   1.3837781e+01   3.1987256e-01
  -5.8441018e+00   5.7688474e+00
  -1.8069836e+00  -1.2612162e+01
   5.4929449e+00   1.6443638e+00
   9.3952713e+00  -2.9013932e+00
